106 69 85 104 63 
190 325 181 36 30 210 119 121 85 69 74 64 77 52 434 183 88 109 252 149 145 38 33 
86 315 70 95 38 151 186 68 239 261 34 42 36 
67 74 104 364 298 101 105 171 170 252 33 140 
121 80 45 
91 137 57 42 323 67 180 146 101 67 40 445 143 59 196 131 79 
89 65 35 84 66 48 54 83 332 205 152 59 
131 22 127 78 31 108 140 74 166 128 51 
55 41 96 97 30 239 205 40 45 51 297 
69 20 36 129 97 107 68 49 41 102 85 51 74 39 43 
63 167 80 38 65 145 83 63 325 122 33 94 112 167 130 159 51 353 65 105 138 
43 51 35 375 65 56 57 
71 141 36 26 113 56 67 67 208 58 195 155 57 97 161 47 278 55 159 489 378 69 
70 39 128 88 172 38 417 268 59 228 
51 267 77 281 32 90 177 289 110 70 81 44 86 228 63 30 171 
300 62 70 224 124 92 138 33 66 285 156 219 42 
34 392 116 47 116 168 79 250 176 76 83 267 
214 146 46 91 134 182 32 334 104 45 143 23 61 81 95 191 67 52 
98 92 168 114 84 491 78 91 63 69 139 93 309 67 164 137 168 102 56 
242 57 108 69 104 72 153 
49 142 225 60 108 363 31 212 63 456 22 245 202 63 66 460 86 73 432 98 402 43 
84 25 56 398 31 78 327 499 346 50 59 74 
59 55 45 165 135 123 117 323 
118 266 103 168 62 41 156 215 79 153 119 73 36 138 182 228 115 79 
48 173 71 221 48 48 207 87 50 185 34 425 314 41 54 51 442 56 175 
52 161 182 81 267 107 58 248 238 23 34 73 96 144 93 121 82 39 500 161 74 194 
59 36 30 289 35 197 87 113 84 55 47 283 27 27 142 
52 28 125 48 132 133 136 87 
184 49 267 39 102 88 101 102 67 72 360 
142 58 468 
39 54 179 82 119 72 41 66 205 42 44 92 35 46 125 62 81 45 43 53 
48 48 56 83 199 157 276 185 171 57 240 180 197 268 
102 45 37 124 87 58 196 79 216 110 35 151 175 102 
51 39 70 216 48 93 296 33 133 81 181 149 26 295 47 36 29 
288 393 120 136 392 92 76 77 231 254 44 27 24 121 102 243 126 
49 44 125 71 37 124 78 39 37 252 75 176 
200 131 60 243 32 49 94 127 106 99 316 96 60 65 413 83 91 83 55 47 388 486 114 54 
148 89 114 64 88 466 37 35 
95 40 79 61 72 61 83 56 38 91 247 95 116 94 80 
171 64 42 26 179 77 32 124 73 166 113 44 91 51 55 158 41 220 62 65 
231 163 217 65 171 45 84 118 57 329 115 45 65 150 58 83 
158 64 121 113 156 82 65 188 140 53 112 
142 295 162 
37 347 55 123 48 31 201 483 63 40 49 97 117 34 39 205 
118 137 48 109 39 164 67 427 67 45 181 30 87 77 
185 243 66 91 116 44 68 101 191 221 123 209 356 70 272 322 
97 247 192 306 71 49 
97 154 27 53 67 114 61 250 69 47 32 45 196 40 132 125 
102 103 57 124 245 442 61 208 52 73 116 96 49 141 59 132 150 39 62 
379 287 89 95 247 73 95 66 158 59 55 188 97 97 
141 281 303 55 63 72 174 97 73 96 107 246 43 69 66 
135 105 136 83 215 63 338 95 56 65 94 128 84 101 281 78 94 165 
429 102 200 50 104 34 226 191 99 68 99 186 131 
101 220 194 128 312 181 89 64 73 338 
71 237 167 26 95 439 293 66 103 273 62 36 
55 35 69 310 37 70 201 61 150 
37 82 45 368 400 52 108 118 69 42 85 125 
