106 69 85 104 63 
106 69 85 104 63 
106 69 85 104 63 
106 69 85 104 63 
86 315 70 95 38 151 186 68 239 261 34 42 36 
86 315 70 95 38 151 186 68 239 261 34 42 36 
86 315 102 243 126 
86 315 102 243 126 
91 137 57 42 323 67 180 146 101 67 40 445 143 59 196 131 79 
91 137 57 42 323 67 180 146 101 67 40 445 143 59 196 131 79 
91 137 57 42 323 67 180 146 101 67 40 445 143 59 196 131 79 
91 137 57 42 323 67 180 146 101 67 40 445 143 59 196 131 79 
89 65 35 84 66 175 102 
55 41 96 97 30 239 205 40 45 51 297 
55 41 96 97 30 239 205 40 45 51 297 
63 167 80 38 65 145 83 63 325 122 33 94 112 167 130 159 51 353 65 105 138 
63 167 80 38 65 145 83 63 325 122 33 94 112 167 130 159 51 353 65 105 138 
63 167 80 38 65 145 83 63 325 122 33 94 112 167 130 159 51 353 65 105 138 
63 167 80 38 65 145 83 63 325 122 33 94 112 167 130 159 51 353 65 105 138 
70 39 128 88 466 37 35 
70 39 128 88 172 38 417 268 59 228 
70 39 128 88 172 38 417 268 59 228 
51 267 77 281 32 90 177 289 110 70 81 44 86 228 63 30 171 
51 267 77 281 32 90 177 289 110 70 81 44 86 228 63 30 171 
51 267 77 281 32 90 177 289 110 70 81 44 86 228 63 30 171 
51 267 77 281 32 90 177 289 110 70 81 44 86 228 63 30 171 
300 62 70 224 124 92 138 33 66 285 156 219 42 
300 62 70 224 124 92 138 33 66 285 156 219 42 
34 392 116 47 116 168 79 250 176 76 83 267 
34 392 116 47 116 168 79 250 176 76 83 267 
34 392 116 47 116 168 79 250 176 76 83 267 
34 392 116 47 116 168 79 250 176 76 83 267 
214 146 46 91 134 182 32 334 104 45 143 23 61 81 95 191 67 52 
214 146 46 91 134 182 32 334 104 45 143 23 61 81 95 191 67 52 
98 92 168 114 84 491 78 91 63 69 139 93 309 67 164 137 168 102 56 
98 92 168 114 84 491 78 91 63 69 139 93 309 67 164 137 168 102 56 
98 92 168 114 84 491 78 91 63 69 139 93 309 67 164 137 168 102 56 
98 92 168 114 84 491 78 91 63 69 139 93 309 67 164 137 168 102 56 
84 25 56 398 31 78 327 499 346 50 59 74 
84 25 56 398 31 78 327 499 346 50 59 74 
84 25 56 398 31 78 327 499 346 50 59 74 
84 25 56 398 31 78 327 499 346 50 59 74 
59 55 45 165 135 123 117 323 
59 55 45 165 135 123 117 323 
59 55 45 165 135 123 117 323 
59 55 45 165 135 123 117 323 
118 266 103 168 62 98 360 
48 173 71 221 48 48 207 87 50 185 34 425 314 41 54 51 442 56 175 
48 173 71 221 48 48 207 87 50 185 34 425 314 41 54 51 442 56 175 
48 173 71 221 48 48 207 87 50 185 34 425 314 41 54 51 442 56 175 
48 173 71 221 48 48 207 87 50 185 34 425 314 41 54 51 442 56 175 
59 36 30 289 35 197 87 113 84 55 47 283 27 27 142 
59 36 30 289 35 197 87 113 84 55 47 283 27 27 142 
59 36 30 289 35 197 87 113 84 55 47 283 27 27 142 
59 36 30 289 35 197 87 113 84 55 47 283 27 27 142 
52 28 125 48 132 133 136 87 
52 28 125 48 132 133 136 87 
52 28 125 48 140 53 112 
184 49 267 39 102 88 101 102 67 72 360 
184 49 267 39 102 88 101 102 67 72 360 
142 58 468 
142 58 468 
142 58 468 156 219 42 
142 58 468 156 219 42 
48 48 56 83 199 75 176 
200 131 60 243 32 49 94 127 106 99 316 96 60 65 413 83 91 83 55 47 388 486 114 54 
200 131 60 243 32 49 94 127 106 99 316 96 60 65 413 83 91 83 55 47 388 486 114 54 
200 131 60 243 32 49 94 127 106 99 316 96 60 65 413 83 91 83 55 47 388 486 114 54 
200 131 60 243 32 49 94 127 106 99 316 96 60 65 413 83 91 83 55 47 388 486 114 54 
148 89 114 64 88 466 37 35 
148 89 114 64 88 466 37 35 
95 40 79 61 72 61 83 56 38 91 247 95 116 94 80 
95 40 79 61 72 61 83 56 38 91 247 95 116 94 80 
95 40 79 61 72 61 83 56 38 91 247 95 116 94 80 
95 40 79 61 72 61 83 56 38 91 247 95 116 94 80 
231 163 217 65 171 45 84 118 57 329 115 45 65 150 58 83 
231 163 217 65 171 45 84 118 57 329 115 45 65 150 58 83 
231 163 217 65 171 45 84 118 57 329 115 45 65 150 58 83 
231 163 217 65 171 45 84 118 57 329 115 45 65 150 58 83 
158 64 121 113 156 82 65 188 140 53 112 
158 64 121 113 156 82 65 188 140 53 112 
142 295 162 
142 295 162 
142 295 162 
142 295 162 
97 247 192 306 71 49 
97 247 192 306 71 49 
97 247 192 306 71 49 
97 247 192 306 71 49 
102 103 57 124 245 442 61 208 52 73 116 96 49 141 59 132 150 39 62 
102 103 57 124 245 442 61 208 52 73 116 96 49 141 59 132 150 39 62 
102 103 57 124 245 52 
102 103 57 124 245 52 
379 287 89 95 52 45 
379 287 89 95 52 45 
379 287 89 95 247 73 95 66 158 59 55 188 97 97 
379 287 89 95 247 73 95 66 158 59 55 188 97 97 
135 105 136 83 215 63 338 95 56 65 94 128 84 101 281 78 94 165 
135 105 136 83 215 63 338 95 56 65 94 128 84 101 281 78 94 165 
135 105 136 83 215 63 338 
55 35 69 43 
55 35 69 43 
55 35 69 43 
55 35 69 43 
